3c109000
36101000
2610fe00
200e821
1000023b
0
0
0
0
0
0
0
0
0
0
0
0
0
0
0
0
0
0
0
0
0
0
0
0
0
0
0
0
0
0
0
0
0
0
0
0
0
0
0
0
0
0
0
0
0
0
0
0
0
0
0
0
0
0
0
0
0
0
0
0
0
0
0
0
0
0
0
0
0
0
0
0
0
0
0
0
0
0
0
0
0
0
0
0
0
0
0
0
0
0
0
0
0
0
0
0
0
0
0
0
0
0
0
0
0
0
0
0
0
0
0
0
0
0
0
0
0
0
0
0
0
0
0
0
0
0
0
0
0
0
0
0
0
0
0
0
0
0
0
0
0
0
0
0
0
0
0
0
0
0
0
0
0
0
0
0
0
0
0
0
0
0
0
0
0
0
0
0
0
0
0
0
0
0
0
0
0
0
0
0
0
0
0
0
0
0
0
0
0
0
0
0
0
0
0
0
0
0
0
0
0
0
0
0
0
0
0
0
0
0
0
0
0
0
0
0
0
0
0
401a7000
275a0004
409a7000
42000018
48
64
bfc00380
58
84
bfc00380
0
190044
bfc00380
0
1a0044
bfc00384
0
1b0044
bfc00388
0
1d0044
bfc0038c
0
0
0
0
0
0
0
0
0
0
3c1a9000
375a1000
af5dfffc
401b6000
af5bfff8
275aff00
340e821
bf00200
ff00272
bf0021f
3c1a9000
375a1000
8f5dfffc
8f5bfff8
377b0001
409b6000
42000018
0
0
0
22
64
bfc00400
32
84
bfc00400
0
1c0044
bfc00400
0
1d0044
bfc00408
0
1f0044
bfc0040c
0
200044
bfc00410
0
230044
bfc00414
0
240044
bfc00418
0
270044
bfc0041c
0
2b0044
bfc00420
0
2e0044
bfc00424
0
320044
bfc00428
0
330044
bfc00430
0
350044
bfc00434
0
360044
bfc00438
0
370044
bfc0043c
0
3a0044
bfc00440
0
0
0
0
0
0
0
0
0
0
0
0
0
0
0
0
0
0
0
0
0
0
0
0
0
0
0
0
0
0
0
0
0
0
0
0
0
0
0
0
0
0
0
0
0
0
0
0
0
0
0
0
0
0
0
0
0
0
0
0
0
0
0
0
0
0
0
0
0
0
0
0
0
0
0
0
0
0
0
0
0
0
0
0
0
0
0
0
0
0
0
0
0
0
0
0
0
0
0
0
0
0
0
0
0
0
0
0
0
0
0
0
0
0
0
0
0
0
0
0
0
0
0
0
0
0
0
0
0
0
0
0
0
0
0
0
0
0
0
0
0
0
0
0
0
0
0
0
0
0
0
0
0
0
0
0
0
0
0
0
0
0
0
0
0
0
0
0
0
0
0
0
0
0
0
0
0
0
0
0
0
0
0
0
0
afa20008
afa3000c
afa40010
afa50014
afa60018
afa7001c
afa80020
afa90024
afaa0028
afab002c
afac0030
afad0034
afae0038
afaf003c
afb00040
afb10044
afb20048
afb3004c
afb40050
afb50054
afb60058
afb7005c
afb80060
afb90064
afba0068
afbb006c
afbc0070
afbd0074
afbe0078
afbf007c
bf00108
8fa20008
8fa3000c
8fa40010
8fa50014
8fa60018
8fa7001c
8fa80020
8fa90024
8faa0028
8fab002c
8fac0030
8fad0034
8fae0038
8faf003c
8fb00040
8fb10044
8fb20048
8fb3004c
8fb40050
8fb50054
8fb60058
8fb7005c
8fb80060
8fb90064
8fba0068
8fbb006c
8fbc0070
8fbd0074
8fbe0078
8fbf007c
bf0010a
0
0
27bdffe8
afbe0014
3a0f021
3c029000
ac400000
afc00000
3c02a000
34420200
afc20004
3c02a000
34420700
afc20008
8fc20004
0
24420004
240301f4
ac430000
8fc20004
24030001
ac430000
8fc20008
24030066
ac430000
241a0401
409a6000
bf0025c
0
0
3c029000
8c420000
8fc30000
0
1062fffa
0
8fc20008
0
8c420000
0
24430001
8fc20008
0
ac430000
3c029000
8c420000
0
afc20000
8fc20000
0
bf0025b
afc2000c
27bdfff0
afbe000c
3a0f021
3c029000
8c420000
0
24430001
3c029000
ac430000
3c02a000
34420200
afc20000
8fc20000
0
24420004
240301f4
ac430000
8fc20000
24030001
ac430000
3c0e821
8fbe000c
27bd0010
3e00008
0
0
85001b
14a00002
0
7000d
1010
3e00008
0
85001b
14a00002
0
7000d
1012
3e00008
0
20010000
0
0
0
0
0
